%%MatrixMarket matrix array real general
24 1
-4.4531052864996206e-10
9.954857538460072e-14
-9.954856144801598e-14
4.453105531344612e-10
-4.4531052864996164e-10
9.954857552806523e-14
-9.95485613045516e-14
4.453105531344607e-10
-4.4531056110910656e-10
-9.954857819039723e-14
9.954855864221935e-14
4.4531052067531607e-10
4.453105206753156e-10
9.954855794853638e-14
-9.954857888408034e-14
-4.453105611091061e-10
8.096691193479889e-07
.040043510723826926
.040043510723826926
8.096691193479914e-07
-8.096688066523976e-07
-.04004351045525827
-.04004351045525827
-8.096688066523982e-07
